#VRML V2.0 utf8
#Exported from Wings 3D 2.2.6.1
DEF Cube22_cut25 Transform {
  children [
    Shape {
      appearance Appearance {
        material DEF mold Material {
          diffuseColor 0.33 0.77 0.17
          emissiveColor 0.0 0.0 0.0
          specularColor 0.2501101183165519 0.537277301182999 0.1456856881832984
          ambientIntensity 0.0
          transparency 0.0
          shininess 0.5
        }
      }
      geometry IndexedFaceSet {
        normalPerVertex TRUE
        coord Coordinate { point [
          4.299999695809927 -2.8769518642481455 -4.7645708534105324e-7,
          -4.300000304190075 -2.8769518642481455 -4.7645708534105324e-7,
          4.299999695809927 -2.8769524543884746 0.3861720428455433,
          -4.300000304190075 -2.8769524543884746 0.3861720428455433,
          -4.300000304190075 -2.8869518642481338 -4.917388648450354e-7,
          4.299999695809927 -2.8869518642481338 -4.917388648450354e-7,
          4.299999695809927 -2.886952454388463 0.3861720275637638,
          -4.300000304190075 -2.886952454388463 0.3861720275637638 ] }
        coordIndex [
          0, 1, 3, 2, -1,
          0, 2, 6, 5, -1,
          0, 5, 4, 1, -1,
          1, 4, 7, 3, -1,
          2, 3, 7, 6, -1,
          4, 5, 6, 7, -1 ]
        normal Normal { vector [
          0.0 1.528177950398225e-6 -0.9999999999988324,
          1.0 0.0 0.0,
          0.0 0.9999999999988324 1.5281779503982117e-6,
          0.0 1.528177950398225e-6 -0.9999999999988324,
          -1.0 0.0 0.0,
          0.0 0.9999999999988324 1.5281779503982117e-6,
          1.0 0.0 0.0,
          0.0 -1.5281779508491538e-6 0.9999999999988324,
          0.0 0.9999999999988324 1.5281779503982117e-6,
          0.0 -1.5281779508491538e-6 0.9999999999988324,
          -1.0 0.0 0.0,
          0.0 0.9999999999988324 1.5281779503982117e-6,
          0.0 1.528177950398225e-6 -0.9999999999988324,
          -1.0 0.0 0.0,
          0.0 -0.9999999999988324 -1.5281779503982117e-6,
          0.0 1.528177950398225e-6 -0.9999999999988324,
          1.0 0.0 0.0,
          0.0 -0.9999999999988324 -1.5281779503982117e-6,
          1.0 0.0 0.0,
          0.0 -1.5281779508491538e-6 0.9999999999988324,
          0.0 -0.9999999999988324 -1.5281779503982117e-6,
          0.0 -1.5281779508491538e-6 0.9999999999988324,
          -1.0 0.0 0.0,
          0.0 -0.9999999999988324 -1.5281779503982117e-6 ] }
        normalIndex [
          2, 5, 11, 8, -1,
          1, 6, 18, 16, -1,
          0, 15, 12, 3, -1,
          4, 13, 22, 10, -1,
          7, 9, 21, 19, -1,
          14, 17, 20, 23, -1 ]
      }
    }
  ]
}

DEF Cube22_cut24 Transform {
  children [
    Shape {
      appearance Appearance {
        material USE mold
      }
      geometry IndexedFaceSet {
        normalPerVertex TRUE
        coord Coordinate { point [
          4.299999695809927 -3.8721331240168606 1.58073631867188,
          -4.300000304190075 -3.8721331240168606 1.58073631867188,
          4.299999695809927 -2.8769524543884746 0.3861720428455433,
          -4.300000304190075 -2.8769524543884746 0.3861720428455433,
          4.299999695809927 -2.8846355830287074 0.37977129802188087,
          4.299999695809927 -3.8798162526570925 1.5743355738482174,
          -4.300000304190075 -3.8798162526570925 1.5743355738482174,
          -4.300000304190075 -2.8846355830287074 0.37977129802188087 ] }
        coordIndex [
          0, 1, 6, 5, -1,
          0, 2, 3, 1, -1,
          0, 5, 4, 2, -1,
          1, 3, 7, 6, -1,
          2, 4, 7, 3, -1,
          4, 5, 6, 7, -1 ]
        normal Normal { vector [
          1.0 0.0 0.0,
          0.0 -0.6400744823662681 0.7683128640232142,
          0.0 0.768312864023236 0.640074482366242,
          0.0 -0.6400744823662681 0.7683128640232142,
          -1.0 0.0 0.0,
          0.0 0.768312864023236 0.640074482366242,
          1.0 0.0 0.0,
          0.0 0.6400744823662212 -0.7683128640232533,
          0.0 0.768312864023236 0.640074482366242,
          -1.0 0.0 0.0,
          0.0 0.6400744823662212 -0.7683128640232533,
          0.0 0.768312864023236 0.640074482366242,
          1.0 0.0 0.0,
          0.0 0.6400744823662212 -0.7683128640232533,
          0.0 -0.7683128640232363 -0.6400744823662415,
          1.0 0.0 0.0,
          0.0 -0.6400744823662681 0.7683128640232142,
          0.0 -0.7683128640232363 -0.6400744823662415,
          0.0 -0.6400744823662681 0.7683128640232142,
          -1.0 0.0 0.0,
          0.0 -0.7683128640232363 -0.6400744823662415,
          -1.0 0.0 0.0,
          0.0 0.6400744823662212 -0.7683128640232533,
          0.0 -0.7683128640232363 -0.6400744823662415 ] }
        normalIndex [
          1, 3, 18, 16, -1,
          2, 8, 11, 5, -1,
          0, 15, 12, 6, -1,
          4, 9, 21, 19, -1,
          7, 13, 22, 10, -1,
          14, 17, 20, 23, -1 ]
      }
    }
  ]
}

DEF Cube22_copy23 Transform {
  children [
    Shape {
      appearance Appearance {
        material USE mold
      }
      geometry IndexedFaceSet {
        normalPerVertex TRUE
        coord Coordinate { point [
          -2.2500000429404174 1.2999998723429698 -4.344417041510983e-7,
          -0.7500003301456069 1.2999998723429698 -4.344417041510983e-7,
          -2.2500000429404174 -1.0334514502524728 4.419417587664522,
          -0.7500003301456069 -1.0334514502524728 4.419417587664522,
          -2.2500000429404174 -3.872132738516679 1.5807362994003156,
          -0.7500003301456069 -3.872132738516679 1.5807362994003156,
          -2.172773603735255 -1.535558763803689 3.9173102741133055,
          -0.8272267693507658 -1.5355587638036898 3.9173102741133046,
          -0.8272267525603283 -2.836881622893697 2.6159874150232976,
          -2.1727736205256925 -2.836881622893697 2.6159874150232976,
          -2.1700001865430103 0.19691431307266122 2.1142495686620606,
          -0.8300001865430104 0.196914313072661 2.1142495686620606,
          -0.8300001865430104 -1.0334514861919317 0.8838837693974677,
          -2.1700001865430103 -1.0334514861919317 0.8838837693974677,
          -2.1700001865430103 -1.4294312836563983 3.7405951653911207,
          -0.8300001865430104 -1.4294312836563983 3.7405951653911207,
          -0.8300001865430104 -2.6597970829209916 2.510229366126527,
          -2.1700001865430103 -2.6597970829209916 2.510229366126527,
          -2.170000519876343 -1.0333899060993967 4.4194791318175985,
          -0.829999853209678 -1.0333899060993967 4.4194791318175985,
          -0.9154998698763492 -1.2172991874978625 4.235569850419132,
          -1.005500169876349 -1.394075882794499 4.058793155122496,
          -1.9945002032096752 -1.394075882794499 4.058793155122496,
          -2.0845005032096715 -1.2172991874978625 4.235569850419132,
          -1.3450003532096773 -1.5354972390318082 3.917371798885186,
          -1.6550000198763435 -1.5354972390318082 3.917371798885186,
          -1.3450003532096773 0.19691431307266122 2.1142495686620606,
          -1.6550000198763435 0.19691431307266122 2.1142495686620606,
          -1.3450003532096773 -1.4294312836563983 3.7405951653911207,
          -1.6550000198763435 -1.4294312836563983 3.7405951653911207,
          -1.6550001920985657 -1.394075882794499 4.058793155122496,
          -1.3450001809874585 -1.394075882794499 4.058793155122496,
          -1.6550001920985657 0.37369100836929775 2.291026263958697,
          -1.3450001809874585 0.37369100836929775 2.291026263958697,
          -0.9154998698763492 0.9393764333185362 2.0788942296027333,
          -1.005500169876349 0.7625997380218993 1.9021175343060963,
          -1.2885001809874588 0.7625997380218993 1.9021175343060963,
          -1.7115001920985655 0.7625997380218993 1.9021175343060963,
          -1.9945002032096752 0.7625997380218993 1.9021175343060963,
          -2.0845005032096715 0.9393764333185362 2.0788942296027333,
          -2.2500000429404174 1.2999998723429687 2.0859652780329148,
          -0.7500003301456069 1.2999998723429687 2.0859652780329148,
          -1.7500001865430121 -0.5031214003020216 2.929142831490164e-7,
          -1.2500001865430121 -0.5031214003020216 2.929142831490164e-7,
          -1.7500001865430121 0.4691504238294823 1.1704578605029742e-7,
          -1.2500001865430121 0.4691504238294823 1.1704578605029742e-7,
          -1.2500001865430121 -0.5031216724495461 0.44547756506180847,
          -1.7500001865430121 -0.5031216724495461 0.44547756506180847,
          -1.2500001865430121 0.4691501516819571 0.44547738919331115,
          -1.7500001865430121 0.4691501516819571 0.44547738919331115,
          -2.2500000429404174 -2.876952317971048 0.38617169181196487,
          -0.7500003301456069 -2.876952317971048 0.38617169181196487,
          -2.2500000429404174 -2.8769518782846233 -4.789335099414798e-7,
          -0.7500003301456069 -2.8769518782846233 -4.789335099414798e-7,
          -2.250000373086028 -0.11421228482036522 3.5001783028067295,
          -2.250000373086028 -0.22027853770060796 3.6062445556869718,
          -0.7499999999999964 -0.11421228482036522 3.5001783028067295,
          -0.7499999999999964 -0.22027853770060796 3.6062445556869718,
          -0.7500005000005352 -0.14956784020124653 3.67695525318731,
          -2.249999873085489 -0.14956784020124653 3.67695525318731,
          -2.249999873085489 -0.043501587321004224 3.570889000307068,
          -0.7500005000005352 -0.043501587321004224 3.570889000307068,
          -4.300000304190075 1.299999841185705 2.08596552804323,
          -4.300000304190075 -1.033451536729902 4.419417905958838,
          -2.4500003041900733 -2.8769518642481455 -4.7645708534105324e-7,
          -2.4500003041900733 -3.87213312401686 1.58073631867188,
          -2.4500003041900733 1.2999998411857054 2.08596552804323,
          -2.4500003041900733 -1.033451536729902 4.419417905958838,
          -4.300000304190075 -2.8769518642481455 -4.7645708534105324e-7,
          -3.772121908815077 -1.829322757276907 3.6235466854118332,
          -3.772121908815077 -2.5003220159798514 2.952547426708889,
          -2.823185656815074 -2.5003220159798514 2.952547426708889,
          -2.823185656815074 -1.829322757276907 3.6235466854118332,
          -3.9686537828150783 -2.164822386628378 3.2880470560603614,
          -3.2976544538150776 -2.639291036804551 2.8135784058841895,
          -2.626653782815076 -2.164822386628378 3.2880470560603614,
          -3.2976544538150776 -1.6903537364522057 3.7625157062365338,
          -3.9175765918150773 -2.346393947552398 3.1064754951363422,
          -3.0408734898150733 -2.603174483153141 2.8496949595355994,
          -2.677730973815077 -1.9832508257043602 3.46961861698438,
          -3.554434075815074 -1.7264702901036155 3.726399152585124,
          -3.9175765918150773 -1.9832508257043602 3.46961861698438,
          -3.554434075815074 -2.603174483153141 2.8496949595355994,
          -2.677730973815077 -2.346393947552398 3.1064754951363422,
          -3.0408734898150733 -1.7264702901036155 3.726399152585124,
          -4.300000304190075 -3.87213312401686 1.58073631867188,
          -3.9175765918150773 -1.1796677585945938 1.9397493061785394,
          -3.772121908815077 -1.3335958270220483 1.7858212377510847,
          -3.554434075815074 -1.436448294195338 1.6829687705777951,
          -3.2976544538150776 -1.472564847846748 1.646852216926385,
          -3.0408734898150733 -1.436448294195338 1.6829687705777951,
          -2.823185656815074 -1.3335958270220483 1.7858212377510847,
          -2.677730973815077 -1.1796677585945938 1.9397493061785394,
          -2.626653782815076 -0.9980961976705746 2.121320867102558,
          -2.677730973815077 -0.8165246367465572 2.302892428026577,
          -2.823185656815074 -0.6625965683191027 2.4568204964540303,
          -3.0408734898150733 -0.5597441011458125 2.55967296362732,
          -3.2976544538150776 -0.5236275474944029 2.5957895172787313,
          -3.554434075815074 -0.5597441011458125 2.55967296362732,
          -3.772121908815077 -0.6625965683191027 2.4568204964540303,
          -3.9175765918150773 -0.8165246367465572 2.302892428026577,
          -3.9686537828150783 -0.9980961976705746 2.121320867102558,
          -4.300000304190075 1.2999998411857052 -4.7645708534105324e-7,
          -2.4500003041900733 1.2999998411857052 -4.7645708534105324e-7,
          -2.4500003041900733 -2.8769524543884746 0.3861720428455433,
          -4.300000304190075 -2.8769524543884746 0.3861720428455433,
          -3.375000304190074 -0.7884760115312202 -4.7645708534105324e-7,
          -4.300000304190075 -0.2202782611467805 3.606244430375716,
          -4.300000304190075 -0.14956798556365908 3.6769549547925946,
          -4.300000304190075 -0.04350170998053765 3.570889479209473,
          -4.300000304190075 -0.11421243439741624 3.5001780036263517,
          -2.4500003041900733 -0.2202782611467805 3.606244430375716,
          -2.4500003041900733 -0.14956798556365902 3.6769549547925946,
          -2.4500003041900733 -0.04350170998053754 3.570889479209473,
          -2.4500003041900733 -0.11421243439741602 3.5001780036263517,
          -2.2500003763731264 -0.14956775958218677 3.6769551338057185,
          -2.450000307477172 -0.14956748302835932 3.676955008494463,
          -2.450000307477172 -0.04350165627899484 3.5708885817450984,
          -2.2500003763731264 -0.04350150670194404 3.570888880925476 ] }
        coordIndex [
          0, 1, 45, 44, -1,
          0, 40, 41, 1, -1,
          0, 44, 42, 52, -1,
          0, 52, 64, 103, -1,
          0, 103, 66, 40, -1,
          1, 41, 51, -1,
          1, 51, 53, -1,
          1, 53, 43, 45, -1,
          2, 4, 9, 6, -1,
          2, 6, 18, -1,
          2, 18, 19, 3, 57, 55, -1,
          2, 55, 111, 67, -1,
          2, 67, 65, 4, -1,
          3, 5, 41, 56, 57, -1,
          3, 7, 8, 5, -1,
          3, 19, 7, -1,
          4, 5, 8, 9, -1,
          4, 50, 51, 5, -1,
          4, 65, 104, 50, -1,
          5, 51, 41, -1,
          6, 9, 17, 14, -1,
          6, 14, 29, 25, -1,
          6, 22, 23, 18, -1,
          6, 25, 30, 22, -1,
          7, 15, 16, 8, -1,
          7, 19, 20, 21, -1,
          7, 21, 31, 24, -1,
          7, 24, 28, 15, -1,
          8, 16, 17, 9, -1,
          10, 13, 12, 11, 26, 27, -1,
          10, 14, 17, 13, -1,
          10, 27, 29, 14, -1,
          11, 12, 16, 15, -1,
          11, 15, 28, 26, -1,
          12, 13, 17, 16, -1,
          18, 23, 20, 19, -1,
          20, 23, 39, 34, -1,
          20, 34, 35, 21, -1,
          21, 35, 33, 31, -1,
          22, 30, 32, 38, -1,
          22, 38, 39, 23, -1,
          24, 31, 33, -1,
          24, 33, 28, -1,
          25, 29, 32, -1,
          25, 32, 30, -1,
          26, 28, 33, -1,
          26, 33, 32, 27, -1,
          27, 32, 29, -1,
          32, 33, 36, 37, -1,
          32, 37, 38, -1,
          33, 35, 36, -1,
          34, 39, 38, 37, 36, 35, -1,
          40, 54, 56, 41, -1,
          40, 66, 114, 54, -1,
          42, 43, 53, 52, -1,
          42, 44, 49, 47, -1,
          42, 47, 46, 43, -1,
          43, 46, 48, 45, -1,
          44, 45, 48, 49, -1,
          46, 47, 49, 48, -1,
          50, 52, 53, 51, -1,
          50, 104, 64, 52, -1,
          54, 55, 59, 60, -1,
          54, 60, 61, 56, -1,
          54, 114, 117, 118, -1,
          54, 118, 115, 55, -1,
          55, 57, 58, 59, -1,
          55, 115, 116, 111, -1,
          56, 61, 58, 57, -1,
          58, 61, 60, 59, -1,
          62, 66, 103, 102, -1,
          62, 85, 63, 107, 110, -1,
          62, 102, 105, -1,
          62, 105, 85, -1,
          62, 110, 114, 66, -1,
          63, 67, 111, 107, -1,
          63, 69, 80, -1,
          63, 73, 81, -1,
          63, 76, 67, -1,
          63, 80, 76, -1,
          63, 81, 69, -1,
          63, 85, 73, -1,
          64, 68, 106, -1,
          64, 104, 105, 68, -1,
          64, 106, 103, -1,
          65, 67, 75, -1,
          65, 71, 78, -1,
          65, 74, 85, -1,
          65, 75, 83, -1,
          65, 78, 74, -1,
          65, 83, 71, -1,
          65, 85, 105, 104, -1,
          67, 72, 79, -1,
          67, 76, 84, -1,
          67, 79, 75, -1,
          67, 84, 72, -1,
          68, 102, 106, -1,
          68, 105, 102, -1,
          69, 81, 100, 99, -1,
          69, 99, 98, 80, -1,
          70, 77, 85, -1,
          70, 82, 88, 87, -1,
          70, 85, 82, -1,
          70, 87, 86, 77, -1,
          71, 83, 92, 91, -1,
          71, 91, 90, 78, -1,
          72, 84, 96, 95, -1,
          72, 95, 94, 79, -1,
          73, 77, 86, 101, -1,
          73, 85, 77, -1,
          73, 101, 100, 81, -1,
          74, 78, 90, 89, -1,
          74, 82, 85, -1,
          74, 89, 88, 82, -1,
          75, 79, 94, 93, -1,
          75, 93, 92, 83, -1,
          76, 80, 98, 97, -1,
          76, 97, 96, 84, -1,
          86, 87, 88, 89, 90, 91, 92, 93, 94, 95, 96, 97, 98, 99, 100, 101, -1,
          102, 103, 106, -1,
          107, 108, 109, 110, -1,
          107, 111, 112, 108, -1,
          108, 112, 113, 109, -1,
          109, 113, 114, 110, -1,
          111, 114, 113, 112, -1,
          111, 116, 117, 114, -1,
          115, 118, 117, 116, -1 ]
        normal Normal { vector [
          0.8230921118919813 -0.08007559495155052 0.5622341811330519,
          0.6299681996368306 0.1242997604333797 0.7666091813972322,
          0.3409372584209736 0.26085914022284284 0.9031690289101977,
          4.454530380961752e-7 0.30881312518371185 0.9511227332547944,
          -0.3409368398815816 0.26085922346898616 0.9031691628608223,
          -0.6299681996368366 0.12429976043337537 0.7666091813972282,
          -0.8230921118919833 -0.08007559495155346 0.5622341811330483,
          -0.8909091157511677 -0.32115490613679953 0.32115490613679853,
          -0.8230921118919828 -0.5622341811330491 0.08007559495155249,
          -0.6299681996368374 -0.7666091813972274 -0.12429976043337504,
          -0.34093683988158374 -0.9031691628608216 -0.2608592234689852,
          4.454530380961752e-7 -0.9511227332547945 -0.30881312518371146,
          0.3409372584209757 -0.9031690289101971 -0.2608591402228419,
          0.6299681996368315 -0.7666091813972318 -0.12429976043337938,
          0.8230921118919808 -0.5622341811330528 0.08007559495154959,
          0.8909091157511677 -0.3211549061367995 0.32115490613679853,
          0.0 1.0 5.322345511173714e-16,
          0.0 -6.637634425682859e-7 -0.9999999999997796,
          1.3627031131662466e-6 -2.5513883676018453e-8 -0.9999999999990712,
          -1.5578611590481622e-7 0.9999999999999879 2.1289380622426326e-16,
          9.884726212679683e-8 5.325870238313416e-9 -0.9999999999999951,
          1.0 -3.130057779752041e-17 0.0,
          0.0 1.0 5.322345511173714e-16,
          0.0 -6.637634425682859e-7 -0.9999999999997796,
          -1.3627031131662466e-6 -2.5513883676018453e-8 -0.9999999999990712,
          1.0 -5.096869936424708e-17 0.0,
          -1.964348255199868e-15 -0.7071067811865474 0.7071067811865475,
          -1.103794512368024e-14 -0.707106781186546 0.7071067811865491,
          -7.567415048033272e-17 0.7071574937197184 0.7070560650160964,
          1.4310823613109456e-6 -0.7071067811858234 0.7071067811858234,
          6.771595265198389e-7 0.707106850626785 0.7071067117459789,
          1.9643482551999593e-15 -0.7071067811865476 0.7071067811865476,
          1.5633272208366542e-14 -0.7071067811865486 0.7071067811865466,
          -7.567415048033272e-17 0.7071574937197184 0.7070560650160964,
          0.9999999999999962 -6.079448258506012e-8 -6.079445790110153e-8,
          0.0 -0.7071067811865476 0.7071067811865476,
          -1.964348255199868e-15 -0.7071067811865474 0.7071067811865475,
          0.0 -0.7683130302288143 -0.640074282861464,
          4.0993251386215416e-7 -0.7683129471259696 -0.6400743826138013,
          1.4310823613109456e-6 -0.7071067811858234 0.7071067811858234,
          1.9643482551999593e-15 -0.7071067811865476 0.7071067811865476,
          0.0 -0.7071067811865476 0.7071067811865476,
          0.0 -0.7683130302288143 -0.640074282861464,
          1.0 0.0 0.0,
          0.9999999999999962 -6.079448258506012e-8 -6.079445790110153e-8,
          -1.964348255199868e-15 -0.7071067811865474 0.7071067811865475,
          0.9999038651620719 -0.009804605142156501 0.00980459851068415,
          -1.103794512368024e-14 -0.707106781186546 0.7071067811865491,
          -1.1190196500532089e-16 -0.7071067811865479 0.707106781186547,
          8.17367747041041e-5 -0.8573879039465161 -0.5146707447342423,
          0.0 -0.7071067811865486 0.7071067811865464,
          1.9643482551999593e-15 -0.7071067811865476 0.7071067811865476,
          -8.173677470529376e-5 -0.8573879039465145 -0.5146707447342448,
          -0.9999038651620719 -0.009804605142156501 0.00980459851068415,
          1.5633272208366542e-14 -0.7071067811865486 0.7071067811865466,
          1.1190196500531926e-16 -0.7071067811865479 0.707106781186547,
          0.0 -0.7071067811865487 0.7071067811865464,
          1.9643482551999593e-15 -0.7071067811865476 0.7071067811865476,
          0.0 -0.7071067811865476 0.7071067811865476,
          -0.9999038651620719 -0.009804605142156501 0.00980459851068415,
          0.0 0.5127383545279482 0.8585449200804649,
          0.0 -0.7071067811865476 0.7071067811865476,
          -1.964348255199868e-15 -0.7071067811865474 0.7071067811865475,
          0.0 0.5127383545279482 0.8585449200804649,
          0.9999038651620719 -0.009804605142156501 0.00980459851068415,
          -1.0611301478017405e-16 -0.7071067811865476 0.7071067811865476,
          1.0 0.0 0.0,
          0.0 -0.7071067811865476 -0.7071067811865474,
          -1.0611301478017405e-16 -0.7071067811865476 0.7071067811865476,
          -1.8745844919034105e-16 -0.7071067811865476 -0.7071067811865474,
          -1.0 0.0 0.0,
          -1.0611301478017405e-16 -0.7071067811865476 0.7071067811865476,
          -1.0 0.0 0.0,
          0.0 0.7071067811865475 0.7071067811865477,
          -1.0611301478017405e-16 -0.7071067811865476 0.7071067811865476,
          0.0 0.7071067811865475 0.7071067811865477,
          1.0 0.0 0.0,
          1.0 0.0 0.0,
          0.9999038651620719 -0.009804605142156501 0.00980459851068415,
          0.0 -0.7071067811865476 -0.7071067811865474,
          8.17367747041041e-5 -0.8573879039465161 -0.5146707447342423,
          -1.8745844919034105e-16 -0.7071067811865476 -0.7071067811865474,
          -1.0 0.0 0.0,
          -8.173677470529376e-5 -0.8573879039465145 -0.5146707447342448,
          -0.9999038651620719 -0.009804605142156501 0.00980459851068415,
          -1.0 0.0 0.0,
          0.0 0.7071067811865475 0.7071067811865477,
          -0.9999038651620719 -0.009804605142156501 0.00980459851068415,
          0.0 0.5127383545279482 0.8585449200804649,
          0.0 0.7071067811865475 0.7071067811865477,
          1.0 0.0 0.0,
          0.0 0.5127383545279482 0.8585449200804649,
          0.9999038651620719 -0.009804605142156501 0.00980459851068415,
          -1.103794512368024e-14 -0.707106781186546 0.7071067811865491,
          -1.1190196500532089e-16 -0.7071067811865479 0.707106781186547,
          0.0 -0.7071067811865485 0.7071067811865467,
          -7.567415048033272e-17 0.7071574937197184 0.7070560650160964,
          1.5633272208366542e-14 -0.7071067811865486 0.7071067811865466,
          1.1190196500531926e-16 -0.7071067811865479 0.707106781186547,
          0.0 -0.7071067811865485 0.7071067811865467,
          -7.567415048033272e-17 0.7071574937197184 0.7070560650160964,
          1.1190196500531926e-16 -0.7071067811865479 0.707106781186547,
          0.0 -0.7071067811865485 0.7071067811865467,
          -0.9408870520388701 0.23951153970696737 0.2395115397069673,
          0.0 -0.7071067811865476 -0.7071067811865475,
          1.1190196500531926e-16 -0.7071067811865479 0.707106781186547,
          0.0 -0.7071067811865487 0.7071067811865464,
          -0.9408870520388701 0.23951153970696737 0.2395115397069673,
          -1.1784399668381097e-15 0.7071067811865479 0.7071067811865471,
          -1.1190196500532089e-16 -0.7071067811865479 0.707106781186547,
          1.1784399668381097e-15 0.7071067811865479 0.7071067811865471,
          0.9408870520388745 0.23951153970695904 0.23951153970695896,
          0.0 -0.7071067811865486 0.7071067811865464,
          -1.1190196500532089e-16 -0.7071067811865479 0.707106781186547,
          0.0 -0.7071067811865485 0.7071067811865467,
          0.9408870520388745 0.23951153970695904 0.23951153970695896,
          0.0 -0.7071067811865476 -0.7071067811865475,
          -8.173677470529376e-5 -0.8573879039465145 -0.5146707447342448,
          0.0 -0.7071067811865487 0.7071067811865464,
          -0.9999999999996293 6.088974937300771e-7 6.088974935982327e-7,
          -0.9999999999999769 1.845143524937084e-7 1.1070858535282303e-7,
          8.17367747041041e-5 -0.8573879039465161 -0.5146707447342423,
          0.0 -0.7071067811865486 0.7071067811865464,
          0.9999999999996293 6.088975064976423e-7 6.088975061589723e-7,
          0.9999999999999769 1.8451435484872727e-7 1.1070858763659292e-7,
          -1.0611301478017405e-16 -0.7071067811865476 0.7071067811865476,
          -1.8745844919034105e-16 -0.7071067811865476 -0.7071067811865474,
          0.0 -0.7071067811865475 0.7071067811865475,
          -0.9999999999997627 4.871179942502272e-7 4.871179948786503e-7,
          -1.0611301478017405e-16 -0.7071067811865476 0.7071067811865476,
          0.0 -0.7071067811865476 -0.7071067811865474,
          0.0 -0.7071067811865475 0.7071067811865475,
          0.9999999999997627 4.87118005062834e-7 4.87118004927242e-7,
          -1.8745844919034105e-16 -0.7071067811865476 -0.7071067811865474,
          -8.173677470529376e-5 -0.8573879039465145 -0.5146707447342448,
          -0.9999999999997627 4.871179942502272e-7 4.871179948786503e-7,
          -0.9999999999999769 1.845143524937084e-7 1.1070858535282303e-7,
          0.0 -0.7071067811865476 -0.7071067811865474,
          8.17367747041041e-5 -0.8573879039465161 -0.5146707447342423,
          0.9999999999997627 4.87118005062834e-7 4.87118004927242e-7,
          0.9999999999999769 1.8451435484872727e-7 1.1070858763659292e-7,
          1.1784399668381097e-15 0.7071067811865479 0.7071067811865471,
          0.0 -0.7071067811865486 0.7071067811865464,
          0.9999999999996293 6.088975064976423e-7 6.088975061589723e-7,
          0.0 -0.7071067811865487 0.7071067811865464,
          -1.1784399668381097e-15 0.7071067811865479 0.7071067811865471,
          -0.9999999999996293 6.088974937300771e-7 6.088974935982327e-7,
          1.1784399668381097e-15 0.7071067811865479 0.7071067811865471,
          0.0 -0.7071067811865475 0.7071067811865475,
          0.9999999999997627 4.87118005062834e-7 4.87118004927242e-7,
          0.9999999999996293 6.088975064976423e-7 6.088975061589723e-7,
          0.9999999999999769 1.8451435484872727e-7 1.1070858763659292e-7,
          0.0 0.7071067811865469 0.7071067811865481,
          0.0 0.7071067811865467 0.7071067811865485,
          -1.1784399668381097e-15 0.7071067811865479 0.7071067811865471,
          0.0 -0.7071067811865475 0.7071067811865475,
          -0.9999999999997627 4.871179942502272e-7 4.871179948786503e-7,
          -0.9999999999996293 6.088974937300771e-7 6.088974935982327e-7,
          -0.9999999999999769 1.845143524937084e-7 1.1070858535282303e-7,
          0.0 0.7071067811865469 0.7071067811865481,
          0.0 0.707106781186547 0.707106781186548,
          0.0 -0.7071067811865479 0.707106781186547,
          -0.9408870520388701 0.23951153970696737 0.2395115397069673,
          0.0 -0.7071067811865476 -0.7071067811865475,
          0.0 -0.7071067811865479 0.707106781186547,
          -0.9408870520388701 0.23951153970696737 0.2395115397069673,
          -1.1784399668381097e-15 0.7071067811865479 0.7071067811865471,
          0.0 0.707106781186547 0.707106781186548,
          0.0 -0.7071067811865479 0.707106781186547,
          0.0 0.7071067811865469 0.7071067811865481,
          0.0 0.707106781186547 0.707106781186548,
          0.0 -0.7071067811865479 0.707106781186547,
          0.0 0.7071067811865469 0.7071067811865481,
          0.0 0.7071067811865467 0.7071067811865485,
          0.0 -0.7071067811865479 0.707106781186547,
          1.1784399668381097e-15 0.7071067811865479 0.7071067811865471,
          0.9408870520388745 0.23951153970695904 0.23951153970695896,
          0.0 0.7071067811865467 0.7071067811865485,
          0.0 -0.7071067811865479 0.707106781186547,
          0.9408870520388745 0.23951153970695904 0.23951153970695896,
          0.0 -0.7071067811865476 -0.7071067811865475,
          0.0 1.0 5.322345511173714e-16,
          0.0 0.7071069980892835 0.707106564283745,
          -4.0641720798452317e-7 0.7071069146379123 0.7071066477350408,
          -1.5578611590481622e-7 0.9999999999999879 2.1289380622426326e-16,
          0.0 1.0 5.322345511173714e-16,
          0.0 0.7071069980892835 0.707106564283745,
          1.0 0.0 0.0,
          1.0 -5.096869936424708e-17 0.0,
          0.9999999999999962 -6.079448258506012e-8 -6.079445790110153e-8,
          0.0 0.9999999999998135 6.109122541852388e-7,
          0.0 3.251486575176209e-7 -0.999999999999947,
          1.0 0.0 0.0,
          1.3627031131662466e-6 -2.5513883676018453e-8 -0.9999999999990712,
          0.0 0.9999999999998135 6.109122541852388e-7,
          0.0 3.251486575176209e-7 -0.999999999999947,
          -1.0 0.0 0.0,
          -1.3627031131662466e-6 -2.5513883676018453e-8 -0.9999999999990712,
          0.0 -6.637634425682859e-7 -0.9999999999997796,
          0.0 -0.9999999999998135 -6.109122556805653e-7,
          1.0 0.0 0.0,
          1.3627031131662466e-6 -2.5513883676018453e-8 -0.9999999999990712,
          0.0 -6.637634425682859e-7 -0.9999999999997796,
          0.0 -0.9999999999998135 -6.109122556805653e-7,
          -1.0 0.0 0.0,
          -1.3627031131662466e-6 -2.5513883676018453e-8 -0.9999999999990712,
          0.0 -1.8088408298559713e-7 -0.9999999999999837,
          0.0 0.9999999999998135 6.109122541852388e-7,
          -1.0 0.0 0.0,
          0.0 -1.8088408298559713e-7 -0.9999999999999837,
          0.0 0.9999999999998135 6.109122541852388e-7,
          1.0 0.0 0.0,
          0.0 -1.8088408298559713e-7 -0.9999999999999837,
          0.0 -0.9999999999998135 -6.109122556805653e-7,
          -1.0 0.0 0.0,
          0.0 -1.8088408298559713e-7 -0.9999999999999837,
          0.0 -0.9999999999998135 -6.109122556805653e-7,
          1.0 0.0 0.0,
          0.0 -0.7683130302288143 -0.640074282861464,
          0.0 -0.9999999999993517 -1.1385761531016209e-6,
          4.0993251386215416e-7 -0.7683129471259696 -0.6400743826138013,
          3.0595079427251377e-7 -0.9999999999990642 -1.3333771396630697e-6,
          1.0 -3.130057779752041e-17 0.0,
          0.0 -0.7683130302288143 -0.640074282861464,
          0.0 -0.9999999999993517 -1.1385761531016209e-6,
          1.0 0.0 0.0,
          1.0 -5.096869936424708e-17 0.0,
          0.0 3.251486575176209e-7 -0.999999999999947,
          0.0 -0.9999999999993517 -1.1385761531016209e-6,
          1.3627031131662466e-6 -2.5513883676018453e-8 -0.9999999999990712,
          9.884726212679683e-8 5.325870238313416e-9 -0.9999999999999951,
          3.0595079427251377e-7 -0.9999999999990642 -1.3333771396630697e-6,
          1.0 -3.130057779752041e-17 0.0,
          0.0 3.251486575176209e-7 -0.999999999999947,
          0.0 -0.9999999999993517 -1.1385761531016209e-6,
          -1.3627031131662466e-6 -2.5513883676018453e-8 -0.9999999999990712,
          0.0 0.7071069980892835 0.707106564283745,
          -0.9999999999875 3.5355367463665026e-6 3.53553674636651e-6,
          0.0 0.7071067811914347 -0.7071067811816603,
          -4.0641720798452317e-7 0.7071069146379123 0.7071066477350408,
          0.7071069681915554 0.499999177097033 -0.5000005584369248,
          0.7071069681915554 0.499999177097033 -0.5000005584369248,
          -7.567415048033272e-17 0.7071574937197184 0.7070560650160964,
          0.0 -0.7071067811914324 0.7071067811816625,
          -0.9999999999875 3.5355367463665026e-6 3.53553674636651e-6,
          6.771595265198389e-7 0.707106850626785 0.7071067117459789,
          -1.420807359944403e-6 -0.7071057811867872 0.7071077811834661,
          0.9999999999999996 2.3243297057667072e-8 2.324329705766717e-8,
          0.0 0.7071069980892835 0.707106564283745,
          0.9999999999999962 -6.079448258506012e-8 -6.079445790110153e-8,
          0.0 0.7071067811914347 -0.7071067811816603,
          0.9999999999875 3.5355367463665026e-6 3.53553674636651e-6,
          -7.567415048033272e-17 0.7071574937197184 0.7070560650160964,
          0.9999999999999962 -6.079448258506012e-8 -6.079445790110153e-8,
          0.0 -0.7071067811914324 0.7071067811816625,
          0.9999999999875 3.5355367463665026e-6 3.53553674636651e-6,
          0.0 0.7071067811865475 0.7071067811865475,
          0.0 -0.7071067811914324 0.7071067811816625,
          0.9999999999875 3.5355367463665026e-6 3.53553674636651e-6,
          0.0 0.7071067811865475 0.7071067811865475,
          0.0 -0.7071067811914324 0.7071067811816625,
          -0.9999999999875 3.5355367463665026e-6 3.53553674636651e-6,
          0.0 0.7071067811865475 0.7071067811865475,
          -0.9999999999875 3.5355367463665026e-6 3.53553674636651e-6,
          0.0 0.7071067811914347 -0.7071067811816603,
          0.0 0.7071067811865475 0.7071067811865475,
          0.0 0.7071067811914347 -0.7071067811816603,
          0.9999999999875 3.5355367463665026e-6 3.53553674636651e-6,
          -1.200241107702871e-16 1.0 0.0,
          -1.0 0.0 0.0,
          -1.0 0.0 0.0,
          -1.0 0.0 0.0,
          -1.2002421149307334e-16 0.7071068311865878 0.7071067311865038,
          -1.7242783800238841e-15 -0.7071067811865464 0.7071067811865486,
          0.0 0.7071068681430023 0.707106694230082,
          2.7600552498766685e-15 -0.7071067811865479 0.7071067811865472,
          -1.0 0.0 0.0,
          0.0 -0.7071067811865487 0.7071067811865462,
          0.0 -0.7071067811865471 0.7071067811865479,
          -1.0649175403404172e-14 -0.7071067811865467 0.7071067811865483,
          0.0 -0.7071067811865479 0.7071067811865471,
          0.0 0.0 -1.0,
          0.0 0.0 -1.0,
          9.884726212679683e-8 5.325870238313416e-9 -0.9999999999999951,
          3.0595079427251377e-7 -0.9999999999990642 -1.3333771396630697e-6,
          0.0 -0.9999999999988323 -1.5281779503982117e-6,
          -2.795337031238882e-15 -0.7071067811865474 0.7071067811865478,
          0.0 -0.7071067811865475 0.7071067811865476,
          0.0 -0.7071067811865477 0.7071067811865474,
          3.787472014076118e-15 -0.7071067811865478 0.7071067811865471,
          4.887826760226761e-15 -0.7071067811865488 0.7071067811865464,
          5.2652380254808335e-15 -0.7071067811865456 0.7071067811865493,
          4.0993251386215416e-7 -0.7683129471259696 -0.6400743826138013,
          1.4310823613109456e-6 -0.7071067811858234 0.7071067811858234,
          0.0 -0.7683128640232361 -0.6400744823662418,
          -1.200241107702871e-16 1.0 0.0,
          -1.2002421149307334e-16 0.7071068311865878 0.7071067311865038,
          -4.0641720798452317e-7 0.7071069146379123 0.7071066477350408,
          -1.5578611590481622e-7 0.9999999999999879 2.1289380622426326e-16,
          0.0 -0.7071067811865475 0.7071067811865476,
          0.0 0.7071068681430023 0.707106694230082,
          -2.9675546153575242e-15 -0.7071067811865472 0.707106781186548,
          -9.064838003617333e-16 -0.7071067811865467 0.7071067811865485,
          1.3977733391637412e-14 -0.7071067811865513 0.7071067811865439,
          1.7726084284712423e-15 -0.7071067811865476 0.7071067811865477,
          0.0 -0.7071067811865479 0.7071067811865471,
          1.4310823613109456e-6 -0.7071067811858234 0.7071067811858234,
          6.771595265198389e-7 0.707106850626785 0.7071067117459789,
          0.0 0.0 -1.0,
          -1.0 0.0 0.0,
          0.0 0.0 -1.0,
          0.0 -0.9999999999988323 -1.5281779503982117e-6,
          0.7071070311831622 -0.4999998232256359 -0.49999982322563613,
          0.7071070311831622 -0.4999998232256359 -0.49999982322563613,
          2.7600552498766685e-15 -0.7071067811865479 0.7071067811865472,
          0.0 -0.7071067811865471 0.7071067811865479,
          -3.9141645228319985e-15 -0.7071067811865486 0.7071067811865466,
          0.7071070311831612 0.49999982322563685 0.4999998232256365,
          0.7071070311831612 0.49999982322563685 0.4999998232256365,
          2.6693159567540106e-15 -0.7071067811865477 0.7071067811865472,
          -2.795337031238882e-15 -0.7071067811865474 0.7071067811865478,
          -0.7071070311831679 0.49999982322563213 0.4999998232256318,
          -0.7071070311831679 0.49999982322563213 0.4999998232256318,
          4.887826760226761e-15 -0.7071067811865488 0.7071067811865464,
          -0.707107031183169 -0.49999982322563113 -0.49999982322563136,
          -0.707107031183169 -0.49999982322563113 -0.49999982322563136,
          -2.9675546153575242e-15 -0.7071067811865472 0.707106781186548,
          -9.064838003617333e-16 -0.7071067811865467 0.7071067811865485,
          1.0 -4.6693919952751225e-16 -4.244901813886475e-16,
          1.0 -4.6693919952751225e-16 -4.244901813886475e-16,
          0.0 -0.7071067811865487 0.7071067811865462,
          -4.2616991760319215e-15 -0.7071067811865457 0.7071067811865493,
          -1.0649175403404172e-14 -0.7071067811865467 0.7071067811865483,
          4.999982528272534e-7 0.7071067811864594 0.7071067811864588,
          4.999982528272534e-7 0.7071067811864594 0.7071067811864588,
          0.0 -0.7071067811865477 0.7071067811865474,
          3.787472014076118e-15 -0.7071067811865478 0.7071067811865471,
          -3.727506374201745e-15 -0.7071067811865472 0.7071067811865479,
          0.0 -0.7071067811865475 0.7071067811865476,
          -1.0 -4.6693919952751225e-16 -4.244901813886475e-16,
          -1.0 -4.6693919952751225e-16 -4.244901813886475e-16,
          5.2652380254808335e-15 -0.7071067811865456 0.7071067811865493,
          1.3977733391637412e-14 -0.7071067811865513 0.7071067811865439,
          -1.7242783800238841e-15 -0.7071067811865464 0.7071067811865486,
          4.999982528272537e-7 -0.7071067811864592 -0.7071067811864592,
          4.999982528272537e-7 -0.7071067811864592 -0.7071067811864592,
          1.7726084284712423e-15 -0.7071067811865476 0.7071067811865477,
          0.0 -0.7071067811865479 0.7071067811865471,
          -3.9141645228319985e-15 -0.7071067811865486 0.7071067811865466,
          0.9238788618136614 0.27059919502272506 0.27059919502272506,
          0.9238788618136614 0.27059919502272506 0.27059919502272506,
          -4.2616991760319215e-15 -0.7071067811865457 0.7071067811865493,
          -2.795337031238882e-15 -0.7071067811865474 0.7071067811865478,
          -0.38268421704281785 0.6532812526111269 0.6532812526111264,
          -0.38268421704281785 0.6532812526111269 0.6532812526111264,
          3.787472014076118e-15 -0.7071067811865478 0.7071067811865471,
          -0.9238788618136631 -0.27059919502272217 -0.2705991950227223,
          -0.9238788618136631 -0.27059919502272217 -0.2705991950227223,
          -9.064838003617333e-16 -0.7071067811865467 0.7071067811865485,
          1.3977733391637412e-14 -0.7071067811865513 0.7071067811865439,
          -1.7242783800238841e-15 -0.7071067811865464 0.7071067811865486,
          0.3826846789807587 -0.6532811173122156 -0.6532811173122156,
          0.3826846789807587 -0.6532811173122156 -0.6532811173122156,
          2.7600552498766685e-15 -0.7071067811865479 0.7071067811865472,
          0.923878861813661 -0.27059919502272584 -0.27059919502272595,
          0.923878861813661 -0.27059919502272584 -0.27059919502272595,
          0.0 -0.7071067811865471 0.7071067811865479,
          -1.0649175403404172e-14 -0.7071067811865467 0.7071067811865483,
          0.38268467898075614 0.6532811173122168 0.653281117312216,
